[{"id": 0, "img_name": "000", "width": 512, "height": 512, "position": [0.4720952027373465, -2.5167139839737094, 2.833305149252453], "rotation": [[-0.9916043347589784, 0.045389886428589994, -0.12108097083028291], [-0.09369221060767603, 0.3931574102691402, 0.9146852029096731], [0.0891213384024892, 0.9183501559647401, -0.38560391346676753]], "fy": 564.3795081665208, "fx": 562.4610037566981}, {"id": 1, "img_name": "001", "width": 512, "height": 512, "position": [-0.011056141456567584, -2.5380503771078606, 2.867641634856698], "rotation": [[-0.9999836703888724, -0.002402943754431468, -0.005185057078913724], [-0.005712287225467229, 0.3933749050127491, 0.9193604047819682], [-0.0001695000068390493, 0.9193750105193872, -0.3933822076584347]], "fy": 564.3795081665208, "fx": 562.4610037566981}, {"id": 2, "img_name": "002", "width": 512, "height": 512, "position": [-0.49600210698497443, -2.5326486829694748, 2.8201129166723566], "rotation": [[-0.9925297099831472, -0.05062167138329854, 0.11100550070663728], [0.08278218516925515, 0.38892976940705637, 0.9175405954439165], [-0.0896207822961453, 0.9198755790080175, -0.3818337786593687]], "fy": 564.3795081665208, "fx": 562.4610037566981}, {"id": 3, "img_name": "003", "width": 512, "height": 512, "position": [-0.9596521731626488, -2.470180913591901, 2.7620664996657895], "rotation": [[-0.9700674272760694, -0.09807741676301329, 0.22214861435327907], [0.16669555344922718, 0.3962766135490224, 0.9028717727420514], [-0.176583631739308, 0.9128776839616647, -0.36806596572699246]], "fy": 564.3795081665208, "fx": 562.4610037566981}, {"id": 4, "img_name": "004", "width": 512, "height": 512, "position": [-1.4170057985814477, -2.377433617348783, 2.641616204278857], "rotation": [[-0.9323577260923085, -0.14456500016836302, 0.33137596672405284], [0.25055577854544175, 0.4023964132487766, 0.8805106066607075], [-0.2606355164467554, 0.90397903036013, -0.33895580867672404]], "fy": 564.3795081665208, "fx": 562.4610037566981}, {"id": 5, "img_name": "005", "width": 512, "height": 512, "position": [-1.8601587311547456, -2.232435631625639, 2.510253999896993], "rotation": [[-0.8793621866565712, -0.18882034945059326, 0.4371144247355937], [0.3298554643228769, 0.4204774955848005, 0.845218343603044], [-0.3433912015979915, 0.8874376323664045, -0.3074685859156954]], "fy": 564.3795081665208, "fx": 562.4610037566981}, {"id": 6, "img_name": "006", "width": 512, "height": 512, "position": [-2.2667797785182024, -2.066964507654306, 2.302832321616626], "rotation": [[-0.8130763889939587, -0.23158026436229345, 0.5341136272540085], [0.40565551399197675, 0.4326818152302912, 0.8051273506327586], [-0.41755285848434676, 0.8712961769266007, -0.2578615567405122]], "fy": 564.3795081665208, "fx": 562.4610037566981}, {"id": 7, "img_name": "007", "width": 512, "height": 512, "position": [-2.654823420802757, -1.8432530834639942, 2.081469162451757], "rotation": [[-0.7318418795056705, -0.26741032767284995, 0.6268167037144957], [0.4776726974063956, 0.45472425755922735, 0.7517011665147972], [-0.48604141547208185, 0.8495396201714835, -0.20505164277514687]], "fy": 564.3795081665208, "fx": 562.4610037566981}, {"id": 8, "img_name": "008", "width": 512, "height": 512, "position": [-2.9898154864551274, -1.5942191064107551, 1.830611051650102], "rotation": [[-0.6402189694360053, -0.30042149261579654, 0.7070124453988035], [0.5394021685763832, 0.47949790528468617, 0.6921900456974898], [-0.5469597532811663, 0.8245172439689148, -0.14493565016417054]], "fy": 564.3795081665208, "fx": 562.4610037566981}, {"id": 9, "img_name": "009", "width": 512, "height": 512, "position": [-3.281247588841001, -1.297687013162529, 1.559081084344921], "rotation": [[-0.5367300026936115, -0.3256526763909721, 0.778377311185207], [0.5939749792101707, 0.509371614485441, 0.6226831316398196], [-0.5992617360392646, 0.7965493661512087, -0.0799654863257559]], "fy": 564.3795081665208, "fx": 562.4610037566981}, {"id": 10, "img_name": "010", "width": 512, "height": 512, "position": [-3.513705097078271, -1.0025480857080136, 1.279264997575992], "rotation": [[-0.4285365679730762, -0.34719460033362265, 0.8341536545559411], [0.6329530601806315, 0.543466032620048, 0.551375638740232], [-0.6447688217631421, 0.7642647322017422, -0.013137183669581502]], "fy": 564.3795081665208, "fx": 562.4610037566981}, {"id": 11, "img_name": "011", "width": 512, "height": 512, "position": [-3.6808371890473, -0.6725240452088245, 0.9437991822797992], "rotation": [[-0.30930135686090615, -0.3660087211134039, 0.8777074038157209], [0.6697468781711052, 0.5713913825522361, 0.47429000318908565], [-0.675108724446708, 0.7345403351851925, 0.06840106842706505]], "fy": 564.3795081665208, "fx": 562.4610037566981}, {"id": 12, "img_name": "012", "width": 512, "height": 512, "position": [-3.795783866698027, -0.36726987042145487, 0.607049765458627], "rotation": [[-0.1897306534679275, -0.38326759812580213, 0.9039403892743766], [0.6893420129990341, 0.6035899277302392, 0.40060802320603145], [-0.6991493890786664, 0.6991317096009044, 0.1496829461944279]], "fy": 564.3795081665208, "fx": 562.4610037566981}, {"id": 13, "img_name": "013", "width": 512, "height": 512, "position": [-3.8473183065307244, -0.009253512051542656, 0.2667599620549617], "rotation": [[-0.06162867143270419, -0.3870514314041605, 0.9199962479844304], [0.702683562436292, 0.6377803909067074, 0.31539179452980226], [-0.7088284121981009, 0.6659034182393703, 0.23266912050773064]], "fy": 564.3795081665208, "fx": 562.4610037566981}, {"id": 14, "img_name": "014", "width": 512, "height": 512, "position": [-3.849635820149235, 0.3342671984138292, -0.07246497036962433], "rotation": [[0.06295402564135598, -0.38619796822540203, 0.9202651357049874], [0.7057650804014078, 0.66919011805367, 0.23255157962333814], [-0.7056432823612381, 0.6348509393848972, 0.31469325194635406]], "fy": 564.3795081665208, "fx": 562.4610037566981}, {"id": 15, "img_name": "015", "width": 512, "height": 512, "position": [-3.792582379375984, 0.664529738198066, -0.4110268863039944], "rotation": [[0.18755859376248776, -0.3803934249149933, 0.9056062147463871], [0.6934121337124025, 0.7042796588526936, 0.15221621118247153], [-0.6957020818757489, 0.5994088791532663, 0.39586311885040976]], "fy": 564.3795081665208, "fx": 562.4610037566981}, {"id": 16, "img_name": "016", "width": 512, "height": 512, "position": [-3.672818666542317, 0.9752151507415283, -0.7311923835283363], "rotation": [[0.3065985674737865, -0.368765014657943, 0.8775019557740877], [0.6686088822883366, 0.739596113663608, 0.07719942473120246], [-0.6774654832153171, 0.5630363688235551, 0.47331867323593124]], "fy": 564.3795081665208, "fx": 562.4610037566981}, {"id": 17, "img_name": "017", "width": 512, "height": 512, "position": [-3.4991741454416934, 1.290815119788899, -1.0464416145785136], "rotation": [[0.42346373015485744, -0.3495752505380826, 0.835748534820475], [0.63535252301439, 0.7722214772029734, 0.0010777966907684793], [-0.6457597391774921, 0.5305385323967473, 0.5491113046548238]], "fy": 564.3795081665208, "fx": 562.4610037566981}, {"id": 18, "img_name": "018", "width": 512, "height": 512, "position": [-3.27051175760938, 1.5901959211354135, -1.3569311379498465], "rotation": [[0.53458368135005, -0.32731741048912805, 0.7791556971651558], [0.5940181997492726, 0.8013183155514143, -0.07093190768953815], [-0.6011344824586768, 0.5007517048922905, 0.6228041939860417]], "fy": 564.3795081665208, "fx": 562.4610037566981}, {"id": 19, "img_name": "019", "width": 512, "height": 512, "position": [-2.99032824183608, 1.8690963846125306, -1.6385855523351887], "rotation": [[0.6371537722251001, -0.29798149278814956, 0.710803841080696], [0.5415491965848418, 0.8293018404154237, -0.13777853665177126], [-0.5484154795569116, 0.4727213634260008, 0.6897644339504794]], "fy": 564.3795081665208, "fx": 562.4610037566981}, {"id": 20, "img_name": "020", "width": 512, "height": 512, "position": [-2.6626361738391453, 2.1252916699708178, -1.8835606780346643], "rotation": [[0.7285245559210806, -0.2635447706638778, 0.6322943343694584], [0.4818706205874277, 0.8532098757317681, -0.19958359894657687], [-0.48688055664061974, 0.45008561608821135, 0.7485788280173408]], "fy": 564.3795081665208, "fx": 562.4610037566981}, {"id": 21, "img_name": "021", "width": 512, "height": 512, "position": [-2.2905344598097805, 2.346001761327701, -2.1167121504284037], "rotation": [[0.8102400432564725, -0.22557224713643148, 0.5409512303577564], [0.41202188425334524, 0.8756344873677797, -0.25199645122201314], [-0.4168321475127281, 0.4270613607597696, 0.8024148272221429]], "fy": 564.3795081665208, "fx": 562.4610037566981}, {"id": 22, "img_name": "022", "width": 512, "height": 512, "position": [-1.8884911600090621, 2.5151036191997473, -2.302096257358172], "rotation": [[0.876544849642257, -0.1846101073663979, 0.4445089817133059], [0.33678827126767374, 0.8950247766402221, -0.29241119940360066], [-0.3438644891554883, 0.40601694232911945, 0.8467038771846668]], "fy": 564.3795081665208, "fx": 562.4610037566981}, {"id": 23, "img_name": "023", "width": 512, "height": 512, "position": [-1.4610772344075404, 2.669300154106897, -2.4475283835810027], "rotation": [[0.929294652614918, -0.1405232005658336, 0.3415621154695778], [0.2583248023085255, 0.9082512016092225, -0.3291626517204899], [-0.2639692124729321, 0.39412305803915837, 0.8803336128924545]], "fy": 564.3795081665208, "fx": 562.4610037566981}, {"id": 24, "img_name": "024", "width": 512, "height": 512, "position": [-1.0018309836121857, 2.7802686985598224, -2.5609941146554], "rotation": [[0.9682400806061181, -0.09486703596673367, 0.23132529432542456], [0.17483709039264608, 0.9182913132198132, -0.35520846820995783], [-0.1787264337776915, 0.384371317285665, 0.9057127316744482]], "fy": 564.3795081665208, "fx": 562.4610037566981}, {"id": 25, "img_name": "025", "width": 512, "height": 512, "position": [-0.5170303679266419, 2.8207590587265874, -2.634532446330109], "rotation": [[0.9922678574143113, -0.04584348806753437, 0.115338084535047], [0.0852505489372706, 0.9271299511144866, -0.3649142332827589], [-0.09020445137744507, 0.3719252994194554, 0.9238694326599632]], "fy": 564.3795081665208, "fx": 562.4610037566981}, {"id": 26, "img_name": "026", "width": 512, "height": 512, "position": [-0.0229347115242076, 2.8369825455753386, -2.6501092611353796], "rotation": [[0.9999930727310252, 0.002447244819417563, -0.0028045468005627166], [-0.00331001467571733, 0.9292962289710953, -0.369320406453459], [0.0017024373143374669, 0.36932713116273413, 0.9292978919024272]], "fy": 564.3795081665208, "fx": 562.4610037566981}, {"id": 27, "img_name": "027", "width": 512, "height": 512, "position": [0.4695200164954828, 2.816414294473113, -2.615799884566838], "rotation": [[0.9913965513490279, 0.04996773625275957, -0.12097976403940056], [-0.0912534642075766, 0.9264684894886999, -0.3651423602578088], [0.09383860209621046, 0.3730406992786464, 0.9230573944443149]], "fy": 564.3795081665208, "fx": 562.4610037566981}, {"id": 28, "img_name": "028", "width": 512, "height": 512, "position": [0.9415645985400523, 2.743576652945703, -2.5504219667673484], "rotation": [[0.9672551408832896, 0.097687526496662, -0.23425336625502696], [-0.17720809796235992, 0.9206806863826864, -0.347770561920454], [0.18169970404876962, 0.3778944573407628, 0.9078441477807301]], "fy": 564.3795081665208, "fx": 562.4610037566981}, {"id": 29, "img_name": "029", "width": 512, "height": 512, "position": [1.3897615713271312, 2.6628393091450047, -2.4295510639791207], "rotation": [[0.9285151385861059, 0.1434527720195923, -0.3424630485414732], [-0.2615714142940353, 0.9073350300739473, -0.32912541443183485], [0.2635147674052495, 0.3951764737438247, 0.8799974556547044]], "fy": 564.3795081665208, "fx": 562.4610037566981}, {"id": 30, "img_name": "030", "width": 512, "height": 512, "position": [1.821317367539954, 2.5185125459625017, -2.2815525974577024], "rotation": [[0.8750987342041936, 0.18701207853971408, -0.44635040929125835], [-0.34103838918728047, 0.8926922377181415, -0.2946071720415548], [0.3433584460804235, 0.41003298793881576, 0.8449721452848038]], "fy": 564.3795081665208, "fx": 562.4610037566981}, {"id": 31, "img_name": "031", "width": 512, "height": 512, "position": [2.222367156697694, 2.340823568165468, -2.094411286197153], "rotation": [[0.8083606983428587, 0.22690704299257705, -0.5431999403672747], [-0.41484242384972414, 0.8742579222741836, -0.25214846562157234], [0.41768258851564743, 0.4291692896529204, 0.80084641228495]], "fy": 564.3795081665208, "fx": 562.4610037566981}, {"id": 32, "img_name": "032", "width": 512, "height": 512, "position": [2.5819999125626167, 2.1278165807620204, -1.8790627182576998], "rotation": [[0.7296102943422195, 0.26519252553835404, -0.6303504920188843], [-0.4833075250182227, 0.8520785205127221, -0.20093787881235986], [0.483820891085348, 0.4512594810964529, 0.7498548033252437]], "fy": 564.3795081665208, "fx": 562.4610037566981}, {"id": 33, "img_name": "033", "width": 512, "height": 512, "position": [2.9095586327211844, 1.8855966513251399, -1.6269612975131802], "rotation": [[0.6386923372244466, 0.2967194546818194, -0.7099504655848163], [-0.5433018939542588, 0.8272656142469768, -0.14301977314444103], [0.544880858900814, 0.47706306574487173, 0.6895764503705265]], "fy": 564.3795081665208, "fx": 562.4610037566981}, {"id": 34, "img_name": "034", "width": 512, "height": 512, "position": [3.195429153851032, 1.6007852056942105, -1.343356231257975], "rotation": [[0.5345025849260572, 0.32624338955163573, -0.779661617293825], [-0.5958093145590427, 0.7997259190983367, -0.07382218505980544], [0.599431603597981, 0.5039878025271843, 0.6218344212986066]], "fy": 564.3795081665208, "fx": 562.4610037566981}, {"id": 35, "img_name": "035", "width": 512, "height": 512, "position": [3.4338730030848286, 1.314060430701237, -1.0365305940381102], "rotation": [[0.42316383034363386, 0.34708940314042697, -0.836935671910647], [-0.6389821675528088, 0.7692107619786084, -0.004073475887093121], [0.6423660656031093, 0.5365107173989266, 0.547286111533694]], "fy": 564.3795081665208, "fx": 562.4610037566981}, {"id": 36, "img_name": "036", "width": 512, "height": 512, "position": [3.6182207477782433, 0.9938400659592606, -0.7604153616940463], "rotation": [[0.30918312712551466, 0.37089101485471354, -0.8756972359217132], [-0.6739138345092416, 0.7351522481746872, 0.07342557906311385], [0.6710036792432201, 0.5674425319834104, 0.47724525700976633]], "fy": 564.3795081665208, "fx": 562.4610037566981}, {"id": 37, "img_name": "037", "width": 512, "height": 512, "position": [3.7401810652876657, 0.6606849064976964, -0.44421264942105493], "rotation": [[0.1891249278531272, 0.3847757135585385, -0.9034264839598553], [-0.6964379543546197, 0.7011535831032629, 0.1528326818314998], [0.6922470205056152, 0.6002760224738061, 0.400578031654414]], "fy": 564.3795081665208, "fx": 562.4610037566981}, {"id": 38, "img_name": "038", "width": 512, "height": 512, "position": [3.804235648567778, 0.30554256734778473, -0.10633294640857828], "rotation": [[0.06381881384052213, 0.392899946695357, -0.9173640449062598], [-0.7036963949018693, 0.669524873214087, 0.23779787204635086], [0.7076288171083064, 0.6303697930853334, 0.31921055929190834]], "fy": 564.3795081665208, "fx": 562.4610037566981}, {"id": 39, "img_name": "039", "width": 512, "height": 512, "position": [3.7943796782112327, -0.028184469954382684, 0.2684592379381873], "rotation": [[-0.06338781659249232, 0.3883282818212526, -0.9193384198679996], [-0.6972274912726145, 0.6418626989682418, 0.3191960229810208], [0.71404188261007, 0.661221159076869, 0.23006687868467582]], "fy": 564.3795081665208, "fx": 562.4610037566981}, {"id": 40, "img_name": "040", "width": 512, "height": 512, "position": [3.737154333039356, -0.34417514065409327, 0.608568913310358], "rotation": [[-0.1846823787573431, 0.3796691144462575, -0.9065008452903525], [-0.6873075991885466, 0.6094058428058948, 0.3952629287597222], [0.7024960377640612, 0.69604301755684, 0.1484029468580826]], "fy": 564.3795081665208, "fx": 562.4610037566981}, {"id": 41, "img_name": "041", "width": 512, "height": 512, "position": [3.613315943002941, -0.6758549529493012, 0.9469469691447181], "rotation": [[-0.3079359519544208, 0.3684442060655898, -0.8771683512933084], [-0.6638273781322261, 0.5772548986746626, 0.4755102459445003], [0.6815487227895144, 0.7287150670686054, 0.06682581455679544]], "fy": 564.3795081665208, "fx": 562.4610037566981}, {"id": 42, "img_name": "042", "width": 512, "height": 512, "position": [3.4395262275643543, -0.9851983559438198, 1.2670948443268464], "rotation": [[-0.42361745678524826, 0.35075105416253993, -0.8351777944310214], [-0.6317826311626877, 0.5463234918979051, 0.5498921250223818], [0.6491524915364261, 0.760594727962498, -0.009833744337930918]], "fy": 564.3795081665208, "fx": 562.4610037566981}, {"id": 43, "img_name": "043", "width": 512, "height": 512, "position": [3.2179688494852443, -1.2843959033122272, 1.5884725264198136], "rotation": [[-0.535062992029483, 0.3247895373849612, -0.779884190739702], [-0.5878967479892481, 0.5198059235163606, 0.6198219224752946], [0.6067000974650683, 0.7901351519091948, -0.08718619990176131]], "fy": 564.3795081665208, "fx": 562.4610037566981}, {"id": 44, "img_name": "044", "width": 512, "height": 512, "position": [2.9185821441511304, -1.5857057096020821, 1.8415280049017133], "rotation": [[-0.639636528361189, 0.30135257414620215, -0.7071433642773604], [-0.5364814229594914, 0.4838227475702029, 0.6914500934651604], [0.5505023109900675, 0.8216460156229551, -0.14780064480751645]], "fy": 564.3795081665208, "fx": 562.4610037566981}, {"id": 45, "img_name": "045", "width": 512, "height": 512, "position": [2.5864108510575337, -1.827323901246186, 2.1147082009172413], "rotation": [[-0.7317780378606399, 0.26592374881319747, -0.6275232769562952], [-0.473711540405885, 0.46351338106114903, 0.7488342420479618], [0.4899982446816675, 0.8452454704962327, -0.2132177638342711]], "fy": 564.3795081665208, "fx": 562.4610037566981}, {"id": 46, "img_name": "046", "width": 512, "height": 512, "position": [2.2171423397457106, -2.0343522398298695, 2.3211563558358743], "rotation": [[-0.8105534751347556, 0.2273665500880286, -0.5397291133967475], [-0.40932979683267506, 0.43917942449721326, 0.7997315490358108], [0.4188701247068022, 0.8691523945772481, -0.2629105049798193]], "fy": 564.3795081665208, "fx": 562.4610037566981}, {"id": 47, "img_name": "047", "width": 512, "height": 512, "position": [1.8111096076427617, -2.2238517090865955, 2.4861709582520977], "rotation": [[-0.8774166234062517, 0.1861402283093911, -0.4421446419163074], [-0.33747013245997154, 0.41556139344755477, 0.8446434975617676], [0.340960376976301, 0.8903148564866556, -0.301803707153051]], "fy": 564.3795081665208, "fx": 562.4610037566981}, {"id": 48, "img_name": "048", "width": 512, "height": 512, "position": [1.3912608590377693, -2.346609304335938, 2.6670768613999303], "rotation": [[-0.929356352297653, 0.139964113148738, -0.3416237952404474], [-0.25940838569072583, 0.410845575509883, 0.8740212826454997], [0.2626862384620319, 0.9008973083068013, -0.3455140807669465]], "fy": 564.3795081665208, "fx": 562.4610037566981}, {"id": 49, "img_name": "049", "width": 512, "height": 512, "position": [0.9401575590717012, -2.453966256836079, 2.77058161894236], "rotation": [[-0.9678380770260333, 0.09399155944703144, -0.23335604429983012], [-0.17799162716194042, 0.39969002406159093, 0.8992034615846902], [0.17778761857563063, 0.9118187711482802, -0.3701055136887934]], "fy": 564.3795081665208, "fx": 562.4610037566981}, {"id": 50, "img_name": "050", "width": 512, "height": 512, "position": [0.35842656552202345, -2.8540514618812285, 1.2814263910665582], "rotation": [[-0.9916571768156934, 0.08822682111891697, -0.09397910249187989], [-0.0924308436534612, 0.021482106358505657, 0.9954873471058842], [0.08984755317446351, 0.995868739915885, -0.0131480054346458]], "fy": 564.3795081665208, "fx": 562.4610037566981}, {"id": 51, "img_name": "051", "width": 512, "height": 512, "position": [-0.010332810400758136, -2.8741618764753416, 1.3031585051904093], "rotation": [[-0.9999847340181123, -0.0006840344486545292, -0.0054830491150009335], [-0.00549471355708452, 0.018409194903258666, 0.9998154378013671], [-0.0005829696819305535, 0.999830302421309, -0.01841267244218089]], "fy": 564.3795081665208, "fx": 562.4610037566981}, {"id": 52, "img_name": "052", "width": 512, "height": 512, "position": [-0.3858932356362688, -2.857835573482674, 1.2559451097506449], "rotation": [[-0.992557894572021, -0.08799350922010224, 0.08417819348197468], [0.0832180919081062, 0.014529691347209488, 0.99642542984838], [-0.08890205341796655, 0.9960150753901704, -0.007098907914772199]], "fy": 564.3795081665208, "fx": 562.4610037566981}, {"id": 53, "img_name": "053", "width": 512, "height": 512, "position": [-0.7642608596768113, -2.8056303253034454, 1.2134300814940204], "rotation": [[-0.9690486255534194, -0.174367079799777, 0.17475949987090011], [0.17256118797975745, 0.027809693974151065, 0.9846061432492075], [-0.17654290616177062, 0.9842879367355684, 0.003140044712098329]], "fy": 564.3795081665208, "fx": 562.4610037566981}, {"id": 54, "img_name": "054", "width": 512, "height": 512, "position": [-1.1123392220022874, -2.726041638469278, 1.1436476684196835], "rotation": [[-0.9307440511547045, -0.25869599059457205, 0.2584412809332554], [0.25449048114133127, 0.04925581411126441, 0.9658200970080764], [-0.2625835224239755, 0.9647021557074129, 0.019991111146904744]], "fy": 564.3795081665208, "fx": 562.4610037566981}, {"id": 55, "img_name": "055", "width": 512, "height": 512, "position": [-1.4463055788307186, -2.6202757456667625, 1.0300439533987005], "rotation": [[-0.8781845837175755, -0.3380209855563709, 0.3384282054502659], [0.3334325745293205, 0.07467988599520646, 0.9398114879434556], [-0.34294978519243435, 0.938170948149239, 0.04712448286422308]], "fy": 564.3795081665208, "fx": 562.4610037566981}, {"id": 56, "img_name": "056", "width": 512, "height": 512, "position": [-1.7626358435385254, -2.4803866618472785, 0.8924267053105662], "rotation": [[-0.811484491112951, -0.4119847803037447, 0.4144411435671298], [0.40797208974897037, 0.10836490289419039, 0.9065405792387845], [-0.41839179565212936, 0.9047240400358597, 0.08014185368569253]], "fy": 564.3795081665208, "fx": 562.4610037566981}, {"id": 57, "img_name": "057", "width": 512, "height": 512, "position": [-2.04344413449303, -2.3247135534131598, 0.7198353559896962], "rotation": [[-0.7329644273555791, -0.48074830213996095, 0.48129431559166874], [0.4745368531156209, 0.14560168396516457, 0.8681099726772132], [-0.48741965826834655, 0.864685618948328, 0.12141193152863994]], "fy": 564.3795081665208, "fx": 562.4610037566981}, {"id": 58, "img_name": "058", "width": 512, "height": 512, "position": [-2.2985037421903827, -2.1353586707658727, 0.5329215937527919], "rotation": [[-0.6423204335404079, -0.5412619955082353, 0.5426416062880779], [0.5342673680422747, 0.19143281174363494, 0.8233540295845441], [-0.5495296535234863, 0.81877282002175, 0.1662174151284635]], "fy": 564.3795081665208, "fx": 562.4610037566981}, {"id": 59, "img_name": "059", "width": 512, "height": 512, "position": [-2.51931389240192, -1.9213184080094765, 0.3064434529776897], "rotation": [[-0.5401002748720369, -0.5945308443180216, 0.5956716950113129], [0.5884414794018834, 0.23924634111788934, 0.7723327091228399], [-0.6016878911881749, 0.7676550419401952, 0.2206295949806465]], "fy": 564.3795081665208, "fx": 562.4610037566981}, {"id": 60, "img_name": "060", "width": 512, "height": 512, "position": [-2.71210494303365, -1.6939918574552777, 0.07710315427211703], "rotation": [[-0.4294546323109783, -0.6362076308879041, 0.6409434992155256], [0.6320638454245363, 0.2951731580572861, 0.7164971054160902], [-0.6450302427745459, 0.7128202137723708, 0.27536036160588084]], "fy": 564.3795081665208, "fx": 562.4610037566981}, {"id": 61, "img_name": "061", "width": 512, "height": 512, "position": [-2.8403132917390583, -1.4437442404224994, -0.17966936339717826], "rotation": [[-0.31079148655083255, -0.6711117275240505, 0.6730658965266392], [0.6663192735003526, 0.35115133024648465, 0.6578080031651231], [-0.6778106502921641, 0.6529179063602168, 0.3380398347897845]], "fy": 564.3795081665208, "fx": 562.4610037566981}, {"id": 62, "img_name": "062", "width": 512, "height": 512, "position": [-2.9378740672758914, -1.1814960318670749, -0.44114598240388736], "rotation": [[-0.19036500188818067, -0.6916788300306482, 0.6966645980265875], [0.6917638281614483, 0.4090196169102617, 0.5951182731440878], [-0.6965801978979387, 0.5952170604661938, 0.40061537517480794]], "fy": 564.3795081665208, "fx": 562.4610037566981}, {"id": 63, "img_name": "063", "width": 512, "height": 512, "position": [-2.9804450421981925, -0.9251642154249032, -0.7046473146781467], "rotation": [[-0.06531173285222026, -0.7039884660324458, 0.7072019635472769], [0.7026900916054256, 0.47074622689434387, 0.5335022258850447], [-0.7084920696178598, 0.5317877674016419, 0.4639404678733885]], "fy": 564.3795081665208, "fx": 562.4610037566981}, {"id": 64, "img_name": "064", "width": 512, "height": 512, "position": [-2.9820575073074695, -0.6730475226535703, -0.9649376980524569], "rotation": [[0.060957149142578895, -0.7044745608605191, 0.7071066532488488], [0.7006035783352811, 0.5347849717545996, 0.4723977773119085], [-0.7109422283084671, 0.4666054297646037, 0.5261563654675107]], "fy": 564.3795081665208, "fx": 562.4610037566981}, {"id": 65, "img_name": "065", "width": 512, "height": 512, "position": [-2.937716513718432, -0.4073555582922755, -1.2236516836834728], "rotation": [[0.18665901848847696, -0.6923130679688297, 0.6970373209064955], [0.6896838593722651, 0.5976219356186045, 0.40888164080678685], [-0.6996388961016219, 0.404413943858343, 0.5890286725403483]], "fy": 564.3795081665208, "fx": 562.4610037566981}, {"id": 66, "img_name": "066", "width": 512, "height": 512, "position": [-2.849993989667102, -0.15225785597691988, -1.4884965651927513], "rotation": [[0.3089111448099705, -0.6702034158588687, 0.6748342655669595], [0.6688997563513202, 0.6575005560424644, 0.346794081202368], [-0.676126482668249, 0.3442679191777158, 0.6514081510540897]], "fy": 564.3795081665208, "fx": 562.4610037566981}, {"id": 67, "img_name": "067", "width": 512, "height": 512, "position": [-2.712184902273493, 0.09273608487384985, -1.737267431253804], "rotation": [[0.424612517365693, -0.6384649208084238, 0.6419242595458299], [0.6380610777673235, 0.7140416132354749, 0.28813648780826445], [-0.6423256737316129, 0.28724052545762674, 0.7105706223874274]], "fy": 564.3795081665208, "fx": 562.4610037566981}, {"id": 68, "img_name": "068", "width": 512, "height": 512, "position": [-2.528615467063849, 0.3237767471952429, -1.9689093863266731], "rotation": [[0.5357848491716286, -0.5956533436679825, 0.5984410493735264], [0.5951126395267405, 0.7691854688560559, 0.2327974672890697], [-0.5989787489332583, 0.23141047659482034, 0.766598754009232]], "fy": 564.3795081665208, "fx": 562.4610037566981}, {"id": 69, "img_name": "069", "width": 512, "height": 512, "position": [-2.316250481141153, 0.5405365308836507, -2.1814820814865765], "rotation": [[0.6364390152606874, -0.5435572898161762, 0.5472575742204943], [0.544250883730356, 0.8192215850720147, 0.18074006227403563], [-0.5465677958064608, 0.18281539114579223, 0.8172161142240637]], "fy": 564.3795081665208, "fx": 562.4610037566981}, {"id": 70, "img_name": "070", "width": 512, "height": 512, "position": [-2.0705132243957847, 0.7433371483554267, -2.3644918011859], "rotation": [[0.7271748605999986, -0.48187034252382904, 0.4888943598645216], [0.48420945812540783, 0.8648972692776568, 0.1322645616102495], [-0.48657776641896766, 0.14054780891931504, 0.8622577286604677]], "fy": 564.3795081665208, "fx": 562.4610037566981}, {"id": 71, "img_name": "071", "width": 512, "height": 512, "position": [-1.7803468338836113, 0.9003374308423339, -2.5374463907716085], "rotation": [[0.8077092806914987, -0.4149870846696976, 0.4187976091648174], [0.4156825201117255, 0.9045723914551531, 0.09464053619179286], [-0.41810735506372854, 0.09764480618266606, 0.9031343928049483]], "fy": 564.3795081665208, "fx": 562.4610037566981}, {"id": 72, "img_name": "072", "width": 512, "height": 512, "position": [-1.4743597163802091, 1.0497816947214547, -2.6859830588427296], "rotation": [[0.8749451790278054, -0.3399844523856403, 0.34479197472104467], [0.3414765279703556, 0.9380705403673937, 0.05845889273786364], [-0.34331430867546453, 0.06659004002748758, 0.9368570072470107]], "fy": 564.3795081665208, "fx": 562.4610037566981}, {"id": 73, "img_name": "073", "width": 512, "height": 512, "position": [-1.1325541682083857, 1.1527977008170376, -2.8062269650798375], "rotation": [[0.9296162006453367, -0.2585497686500896, 0.26261328342015366], [0.2589705292858587, 0.9652991869301901, 0.03364141306955081], [-0.26219836852873646, 0.036735498402758235, 0.9643145330741262]], "fy": 564.3795081665208, "fx": 562.4610037566981}, {"id": 74, "img_name": "074", "width": 512, "height": 512, "position": [-0.7769480328422188, 1.228442347716205, -2.8857384338849092], "rotation": [[0.9684113967852811, -0.17498353677787903, 0.17765170540438216], [0.17499115212697225, 0.9844440178701298, 0.01575031291720497], [-0.17764420410938156, 0.015834694074078587, 0.9839673771065404]], "fy": 564.3795081665208, "fx": 562.4610037566981}, {"id": 75, "img_name": "075", "width": 512, "height": 512, "position": [-0.4086310431404089, 1.2841981339307733, -2.938594497427959], "rotation": [[0.9921099757735593, -0.08779592863311542, 0.08949676466798438], [0.08794209703671244, 0.9961228951518274, 0.0023163167156091693], [-0.08935313950484966, 0.005572492242296793, 0.995984419451849]], "fy": 564.3795081665208, "fx": 562.4610037566981}, {"id": 76, "img_name": "076", "width": 512, "height": 512, "position": [-0.03573842701040634, 1.2972958207453011, -2.9482280397312652], "rotation": [[0.9999998918792762, -0.00028203376840466363, 0.0003697274527914367], [0.00028227061945051247, 0.9999997549042363, -0.000640714261379463], [-0.00036954665911519694, 0.0006408185553021007, 0.9999997263933855]], "fy": 564.3795081665208, "fx": 562.4610037566981}, {"id": 77, "img_name": "077", "width": 512, "height": 512, "position": [0.3430779111702226, 1.2933101648361138, -2.9313244706605435], "rotation": [[0.99203492989985, 0.08793681740530794, -0.09018765992764871], [-0.08827557535043194, 0.996096063766039, 0.00023355160697568185], [0.08985611083921838, 0.007729676217568169, 0.9959247619425986]], "fy": 564.3795081665208, "fx": 562.4610037566981}, {"id": 78, "img_name": "078", "width": 512, "height": 512, "position": [0.7039528841772479, 1.221924356247353, -2.877576811969113], "rotation": [[0.9686091598521525, 0.1749447798091606, -0.17660866192809374], [-0.17465117020719448, 0.9844778602312784, 0.01732949681038175], [0.17689902259697476, 0.014059400128303938, 0.9841285836069733]], "fy": 564.3795081665208, "fx": 562.4610037566981}, {"id": 79, "img_name": "079", "width": 512, "height": 512, "position": [1.054385409358551, 1.1497528352477595, -2.7952164601420812], "rotation": [[0.9301648011904066, 0.2585883208469197, -0.2606252538569161], [-0.25867580319440936, 0.9653445911341485, 0.03459261785079655], [0.2605384260874749, 0.035240611368342716, 0.9648201012842998]], "fy": 564.3795081665208, "fx": 562.4610037566981}, {"id": 80, "img_name": "080", "width": 512, "height": 512, "position": [1.3934219328119, 1.0414962669233752, -2.676581269087114], "rotation": [[0.8768286074974166, 0.33782724277370474, -0.3421174463748637], [-0.33819954328702967, 0.9391238330148953, 0.060559847951060154], [0.34174941403693143, 0.06260335696532043, 0.9377036619860705]], "fy": 564.3795081665208, "fx": 562.4610037566981}, {"id": 81, "img_name": "081", "width": 512, "height": 512, "position": [1.7079461581123823, 0.9052691830383114, -2.5354039266336974], "rotation": [[0.80954404806401, 0.4124819205963064, -0.4177284996565574], [-0.4133818228840174, 0.9057681207896872, 0.09327153837160651], [0.4168379814187076, 0.09717394991612537, 0.903771719354216]], "fy": 564.3795081665208, "fx": 562.4610037566981}, {"id": 82, "img_name": "082", "width": 512, "height": 512, "position": [1.9996190294647218, 0.7428321819102062, -2.3626156081414145], "rotation": [[0.7300455107041584, 0.47849966874383104, -0.4879258338239003], [-0.48007259108274536, 0.8672152886045845, 0.1321663743225423], [0.4863783091296359, 0.1377523510598315, 0.8628212040658744]], "fy": 564.3795081665208, "fx": 562.4610037566981}, {"id": 83, "img_name": "083", "width": 512, "height": 512, "position": [2.256660585259435, 0.5484728308084088, -2.1576984923395357], "rotation": [[0.6387062276654655, 0.5376124846074628, -0.5504790378711446], [-0.5385008495664817, 0.8233320212775157, 0.17927971930828537], [0.5496100342584075, 0.18192635634583232, 0.8153720691250108]], "fy": 564.3795081665208, "fx": 562.4610037566981}, {"id": 84, "img_name": "084", "width": 512, "height": 512, "position": [2.4868348029270693, 0.3452239951924345, -1.9318912861164725], "rotation": [[0.5363825525229674, 0.586938414862227, -0.6064627395874888], [-0.58944457697376, 0.7748081451245631, 0.2285332118639634], [0.6040271914617512, 0.23489494547063017, 0.7615612362556136]], "fy": 564.3795081665208, "fx": 562.4610037566981}, {"id": 85, "img_name": "085", "width": 512, "height": 512, "position": [2.660492545685447, 0.09849465753456, -1.7123871092538037], "rotation": [[0.4260011859330713, 0.6327405768295118, -0.6466547394221074], [-0.6324118393279635, 0.719388160310662, 0.2872906895161479], [0.6469762399512358, 0.28656593872667113, 0.7066128414487404]], "fy": 564.3795081665208, "fx": 562.4610037566981}, {"id": 86, "img_name": "086", "width": 512, "height": 512, "position": [2.7787547336794267, -0.17765751885453138, -1.4751863772673117], "rotation": [[0.30905576581869915, 0.670912436409122, -0.6740630803461891], [-0.6628615411594801, 0.6602021515310734, 0.35319639913994083], [0.6819817525901234, 0.3376531086563801, 0.6487613331178012]], "fy": 564.3795081665208, "fx": 562.4610037566981}, {"id": 87, "img_name": "087", "width": 512, "height": 512, "position": [2.875831989442089, -0.4163485672265356, -1.226076395443811], "rotation": [[0.18832155157194783, 0.6919260678486651, -0.6969743968360809], [-0.6867571772533627, 0.6000933978280365, 0.4101859253731107], [0.7020680684267926, 0.40140531948977265, 0.588195712990826]], "fy": 564.3795081665208, "fx": 562.4610037566981}, {"id": 88, "img_name": "088", "width": 512, "height": 512, "position": [2.9249910644517163, -0.6610876518752831, -0.9664779308926045], "rotation": [[0.06618672500843921, 0.7020433877939997, -0.7090517605135616], [-0.6987546552074058, 0.5398859411673587, 0.46932409096040933], [0.7122929518524221, 0.46439019389362557, 0.5262893677026017]], "fy": 564.3795081665208, "fx": 562.4610037566981}, {"id": 89, "img_name": "089", "width": 512, "height": 512, "position": [2.9101469649594, -0.9426608477423135, -0.7048794022097762], "rotation": [[-0.06093265088342931, 0.7064323921296679, -0.7051528113864918], [-0.6969549752815883, 0.4756124064375196, 0.5366997310162845], [0.7145215003668949, 0.5241622975688605, 0.4633712456775611]], "fy": 564.3795081665208, "fx": 562.4610037566981}, {"id": 90, "img_name": "090", "width": 512, "height": 512, "position": [2.870843734513713, -1.1972226793133867, -0.42095944627633797], "rotation": [[-0.18601605632045126, 0.6930654003570725, -0.6964613252858176], [-0.682982464800059, 0.418372291729302, 0.598748343036378], [0.7063518808402954, 0.587047678081655, 0.3955275516222789]], "fy": 564.3795081665208, "fx": 562.4610037566981}, {"id": 91, "img_name": "091", "width": 512, "height": 512, "position": [2.7895545373757367, -1.4430415655604656, -0.14975679875782982], "rotation": [[-0.30725056471242057, 0.6688559001717796, -0.6769260486118825], [-0.6601755142192065, 0.36251332231810895, 0.6578391760660754], [0.6853943251219, 0.6490114605669803, 0.33017986483644046]], "fy": 564.3795081665208, "fx": 562.4610037566981}, {"id": 92, "img_name": "092", "width": 512, "height": 512, "position": [2.6467500356237945, -1.6899303875981107, 0.09810770539706674], "rotation": [[-0.42404288008879104, 0.6382421717744923, -0.6425220354311458], [-0.626940584896175, 0.3051088585835192, 0.7168361649804676], [0.6535542355887882, 0.7067924126520048, 0.2707606813433459]], "fy": 564.3795081665208, "fx": 562.4610037566981}, {"id": 93, "img_name": "093", "width": 512, "height": 512, "position": [2.474969433228279, -1.9094412155827412, 0.33626911429443407], "rotation": [[-0.5338555777079848, 0.5944423148344327, -0.6013622506313104], [-0.5862541452658617, 0.25229843967372306, 0.7698386678368385], [0.6093474372709442, 0.7635337789989947, 0.21380334192628234]], "fy": 564.3795081665208, "fx": 562.4610037566981}, {"id": 94, "img_name": "094", "width": 512, "height": 512, "position": [2.260360730866345, -2.1136624335348726, 0.5567090544694503], "rotation": [[-0.6359899914613046, 0.5410937502499662, -0.5502129444146843], [-0.5359839161586525, 0.20322766760156105, 0.8194020726971977], [0.5551918338559058, 0.8160368058866319, 0.16076678468533126]], "fy": 564.3795081665208, "fx": 562.4610037566981}, {"id": 95, "img_name": "095", "width": 512, "height": 512, "position": [2.007208237802625, -2.2978567709912463, 0.7336739057633889], "rotation": [[-0.726774392746263, 0.481832879845273, -0.48952636083086565], [-0.4792243162140735, 0.15487463379878216, 0.8639200788006066], [0.49208031539318237, 0.8624679261895503, 0.11834711444239923]], "fy": 564.3795081665208, "fx": 562.4610037566981}, {"id": 96, "img_name": "096", "width": 512, "height": 512, "position": [1.713558517890216, -2.4696012628269175, 0.8999743765881671], "rotation": [[-0.8082091171963556, 0.41385482619641384, -0.4189537035456586], [-0.4108100344447843, 0.11350976665573212, 0.9046273533744356], [0.4219397332323213, 0.9032384600467902, 0.07827608710289563]], "fy": 564.3795081665208, "fx": 562.4610037566981}, {"id": 97, "img_name": "097", "width": 512, "height": 512, "position": [1.3991149914949785, -2.611644998407918, 1.036046414673367], "rotation": [[-0.8754198763737892, 0.3401508854052328, -0.343420172977266], [-0.33735669874222596, 0.07885570174425953, 0.9380683536481588], [0.3461654197973077, 0.9370587780179301, 0.04572033110222666]], "fy": 564.3795081665208, "fx": 562.4610037566981}, {"id": 98, "img_name": "098", "width": 512, "height": 512, "position": [1.071752196735546, -2.720859678508307, 1.147004617811108], "rotation": [[-0.9287520430146808, 0.2595363229769883, -0.26468951556803316], [-0.2601899394217134, 0.05219797498932213, 0.9641455112329979], [0.26404703751373687, 0.9643216623422902, 0.019049764240554986]], "fy": 564.3795081665208, "fx": 562.4610037566981}, {"id": 99, "img_name": "099", "width": 512, "height": 512, "position": [0.7234541087352311, -2.8013645187228007, 1.2328185442552932], "rotation": [[-0.9676596065922122, 0.17536173532095334, -0.1813371102533318], [-0.17817481653858314, 0.03374718509466843, 0.9834199826369344], [0.1785738517287661, 0.9839254998644003, -0.0014107428336029985]], "fy": 564.3795081665208, "fx": 562.4610037566981}, {"id": 100, "img_name": "100", "width": 512, "height": 512, "position": [0.5041375728360783, -1.5727669812280591, 4.205220480281059], "rotation": [[-0.9916503765245206, -0.0025698446494926926, -0.12892992917571114], [-0.09130320383228832, 0.7200430660846687, 0.6878965823096878], [0.09106731416230537, 0.6939246204609453, -0.7142656126465821]], "fy": 564.3795081665208, "fx": 562.4610037566981}, {"id": 101, "img_name": "101", "width": 512, "height": 512, "position": [-0.00934385836332411, -1.6289932340878914, 4.20225993536307], "rotation": [[-0.999978943134068, -0.002922749819562878, -0.005794033307172109], [-0.006146434264255372, 0.7130092422545926, 0.7011276929385737], [0.0020819784599179023, 0.7011485420315898, -0.7130121930042069]], "fy": 564.3795081665208, "fx": 562.4610037566981}, {"id": 102, "img_name": "102", "width": 512, "height": 512, "position": [-0.5135729904698265, -1.6186188978095264, 4.1825553541349425], "rotation": [[-0.993332275930336, -0.00380328265136